Epoch 1/10, Recon Loss: 0.1176, VQ Loss: 0.0270
Epoch 2/10, Recon Loss: 0.0352, VQ Loss: 0.0011
Epoch 3/10, Recon Loss: 0.0092, VQ Loss: 0.0010
Epoch 4/10, Recon Loss: 0.0081, VQ Loss: 0.0008
Epoch 5/10, Recon Loss: 0.0076, VQ Loss: 0.0007
Epoch 6/10, Recon Loss: 0.0073, VQ Loss: 0.0006
Epoch 7/10, Recon Loss: 0.0071, VQ Loss: 0.0006
Epoch 8/10, Recon Loss: 0.0069, VQ Loss: 0.0006
Epoch 9/10, Recon Loss: 0.0068, VQ Loss: 0.0006
Epoch 10/10, Recon Loss: 0.0067, VQ Loss: 0.0007
Image 0: Encodings:
[[[ 3.68948244e-02 -8.30484927e-02 -8.30484927e-02 ... -1.03190430e-01
    1.60430059e-01  3.06120645e-02]
  [ 3.06120645e-02  1.60430059e-01 -1.31115317e-04 ... -4.66940641e-01
   -2.15976655e-01  1.60430059e-01]
  [-1.06602907e-04  2.51850426e-01 -8.54830146e-01 ... -4.36842203e-01
   -7.32705116e-01  9.78293642e-02]
  ...
  [ 1.69296786e-02 -3.11272442e-02 -5.29934525e-01 ...  1.82307139e-02
   -8.54830146e-01 -2.29704246e-01]
  [ 6.34914860e-02 -6.06602654e-02 -6.67754531e-01 ... -6.67754531e-01
   -6.22284532e-01  9.78293642e-02]
  [ 3.68948244e-02 -7.01569542e-02 -3.77471060e-01 ... -2.65789926e-01
    3.63695286e-02 -1.06604770e-04]]

 [[ 2.04264358e-01  2.04395995e-01  2.04395995e-01 ...  3.06045622e-01
    3.06487679e-01  2.43796811e-01]
  [ 2.43796811e-01  3.06487679e-01 -7.88991034e-01 ... -8.83229613e-01
    2.76596785e-01  3.06487679e-01]
  [ 2.12414235e-01  1.14393048e-03 -1.11877096e+00 ... -1.19917357e+00
   -6.36021137e-01  3.04563671e-01]
  ...
  [ 3.71326894e-01 -3.83812308e-01 -1.03187609e+00 ... -2.74269074e-01
   -1.11877096e+00 -2.98896953e-02]
  [ 2.40398347e-01  2.61458844e-01 -1.20395267e+00 ... -1.20395267e+00
   -7.01338410e-01  3.04563671e-01]
  [ 2.04264358e-01  4.39062953e-01  6.28492534e-02 ... -2.20203340e-01
    3.12206835e-01  2.12414235e-01]]

 [[ 1.12418316e-01  1.04029290e-01  1.04029290e-01 ...  1.78336546e-01
    1.88406825e-01  1.39159381e-01]
  [ 1.39159381e-01  1.88406825e-01 -6.48567319e-01 ... -7.40492046e-01
    1.52738690e-01  1.88406825e-01]
  [ 1.15615614e-01 -3.30814235e-02 -9.35231924e-01 ... -9.76521909e-01
   -5.68600357e-01  1.84679717e-01]
  ...
  [ 2.34674528e-01 -3.42942894e-01 -8.54644597e-01 ... -2.57775843e-01
   -9.35231924e-01 -8.12336877e-02]
  [ 1.36971027e-01  1.47226721e-01 -9.87333596e-01 ... -9.87333596e-01
   -6.12677157e-01  1.84679717e-01]
  [ 1.12418316e-01  2.82183498e-01 -1.83152426e-02 ... -2.30736315e-01
    1.89590305e-01  1.15615614e-01]]

 ...

 [[ 5.48685752e-02  1.62762895e-01  1.62762895e-01 ...  1.76676840e-01
   -3.47688049e-02  6.08786419e-02]
  [ 6.08786419e-02 -3.47688049e-02 -2.03566290e-02 ...  2.87726015e-01
    2.51568794e-01 -3.47688049e-02]
  [ 8.58205631e-02 -1.14035636e-01  4.98121828e-01 ...  2.03177318e-01
    5.00666678e-01  1.40936561e-02]
  ...
  [ 7.43333772e-02  6.81056902e-02  2.99449623e-01 ...  4.90283221e-02
    4.98121828e-01  2.44072333e-01]
  [ 3.45075987e-02  1.45597711e-01  3.51093948e-01 ...  3.51093948e-01
    4.20667082e-01  1.40936561e-02]
  [ 5.48685752e-02  1.35933131e-01  3.51177543e-01 ...  2.49349549e-01
    6.07443303e-02  8.58205631e-02]]

 [[-4.44493592e-02  7.15455785e-02  7.15455785e-02 ...  9.39439610e-02
   -1.47597730e-01 -3.61725166e-02]
  [-3.61725166e-02 -1.47597730e-01 -6.39384761e-02 ...  3.33005100e-01
    1.90877467e-01 -1.47597730e-01]
  [-9.37343575e-03 -2.51121938e-01  6.48357630e-01 ...  2.80454695e-01
    5.77743173e-01 -9.08290818e-02]
  ...
  [-1.92857832e-02 -1.03085255e-02  3.74859005e-01 ... -4.62630466e-02
    6.48357630e-01  1.79424047e-01]
  [-6.65598661e-02  5.35602793e-02  4.75339532e-01 ...  4.75339532e-01
    4.83171910e-01 -9.08290818e-02]
  [-4.44493592e-02  5.78675270e-02  3.14062685e-01 ...  2.00668469e-01
   -3.73355448e-02 -9.37343575e-03]]

 [[-1.09092243e-01 -2.68099278e-01 -2.68099278e-01 ... -3.48708421e-01
   -1.75120570e-02 -1.38111874e-01]
  [-1.38111874e-01 -1.75120588e-02  4.77577180e-01 ... -1.58933997e-02
   -4.65043366e-01 -1.75120588e-02]
  [-1.60900742e-01  2.81178743e-01 -2.98071384e-01 ...  2.51845747e-01
   -5.02457559e-01 -9.32757035e-02]
  ...
  [-2.28123888e-01  1.68909863e-01  2.14571282e-02 ...  1.54674008e-01
   -2.98071384e-01 -2.97624677e-01]
  [-9.51262265e-02 -2.70608693e-01 -9.02422518e-03 ... -9.02423263e-03
   -3.32114041e-01 -9.32757035e-02]
  [-1.09092243e-01 -3.65514696e-01 -5.28434992e-01 ... -2.22635940e-01
   -1.73280418e-01 -1.60900742e-01]]]
Image 1: Encodings:
[[[ 3.68948244e-02  3.68948244e-02 -6.06602654e-02 ...  3.63695286e-02
    1.06358819e-01  6.34914860e-02]
  [-1.24969054e-04  5.74179702e-02  3.31720740e-01 ... -2.65789926e-01
    1.69296805e-02  5.74179702e-02]
  [ 6.34914860e-02  6.34914860e-02 -8.54830146e-01 ... -9.52938139e-01
   -1.28472209e-01 -1.06604770e-04]
  ...
  [ 3.06120645e-02 -3.11248824e-02  8.19430724e-02 ... -1.86144412e-01
   -3.77471060e-01  9.78293642e-02]
  [-1.06604450e-04  1.69296805e-02  1.09937906e-01 ... -3.61794293e-01
   -5.61587989e-01  6.34914860e-02]
  [-1.06604770e-04  1.69296786e-02 -3.63024235e-01 ... -3.95929068e-01
   -1.06604770e-04 -1.06604770e-04]]

 [[ 2.04264358e-01  2.04264358e-01  2.61458844e-01 ...  3.12206835e-01
    2.61676848e-01  2.40398347e-01]
  [ 2.45821476e-01  2.72057354e-01 -6.65297061e-02 ... -2.20203340e-01
    3.71326894e-01  2.72057354e-01]
  [ 2.40398347e-01  2.40398347e-01 -1.11877096e+00 ... -9.98123407e-01
   -2.19719782e-02  2.12414235e-01]
  ...
  [ 2.43796811e-01  2.31099457e-01  2.88882162e-02 ... -6.19479179e-01
    6.28492534e-02  3.04563671e-01]
  [ 2.12414235e-01  3.71326894e-01 -5.94323575e-01 ... -9.87356544e-01
   -1.77261621e-01  2.40398347e-01]
  [ 2.12414235e-01  3.71326894e-01  2.19379947e-01 ... -4.14849013e-01
    2.12414235e-01  2.12414235e-01]]

 [[ 1.12418316e-01  1.12418316e-01  1.47226721e-01 ...  1.89590305e-01
    1.53450832e-01  1.36971027e-01]
  [ 1.40326753e-01  1.60081968e-01 -8.11049417e-02 ... -2.30736315e-01
    2.34674528e-01  1.60081968e-01]
  [ 1.36971027e-01  1.36971027e-01 -9.35231924e-01 ... -8.52891922e-01
   -7.29514956e-02  1.15615614e-01]
  ...
  [ 1.39159381e-01  1.28108516e-01 -2.15272754e-02 ... -5.28989971e-01
   -1.83152426e-02  1.84679717e-01]
  [ 1.15615614e-01  2.34674528e-01 -4.95229751e-01 ... -8.13018024e-01
   -2.09803790e-01  1.36971027e-01]
  [ 1.15615614e-01  2.34674528e-01  1.00618295e-01 ... -3.84013742e-01
    1.15615614e-01  1.15615614e-01]]

 ...

 [[ 5.48685752e-02  5.48685752e-02  1.45597711e-01 ...  6.07443303e-02
    5.27962344e-03  3.45075987e-02]
  [ 8.50667655e-02  3.95102985e-02 -1.84180364e-01 ...  2.49349549e-01
    7.43333772e-02  3.95102985e-02]
  [ 3.45075987e-02  3.45075987e-02  4.98121828e-01 ...  5.88808775e-01
    1.76067904e-01  8.58205631e-02]
  ...
  [ 6.08786419e-02  1.14253722e-01  3.13779041e-02 ...  1.40756980e-01
    3.51177543e-01  1.40936561e-02]
  [ 8.58205631e-02  7.43333772e-02 -6.61464036e-02 ...  1.92975447e-01
    4.45293725e-01  3.45075987e-02]
  [ 8.58205631e-02  7.43333772e-02  3.50576460e-01 ...  3.10651809e-01
    8.58205631e-02  8.58205631e-02]]

 [[-4.44493592e-02 -4.44493592e-02  5.35602793e-02 ... -3.73355448e-02
   -1.01670697e-01 -6.65598661e-02]
  [-8.05539265e-03 -5.94872050e-02 -3.28945309e-01 ...  2.00668469e-01
   -1.92857832e-02 -5.94872050e-02]
  [-6.65598661e-02 -6.65598661e-02  6.48357630e-01 ...  7.47057557e-01
    9.49041545e-02 -9.37343575e-03]
  ...
  [-3.61725166e-02  2.11211685e-02 -8.68080631e-02 ...  1.09965183e-01
    3.14062685e-01 -9.08290818e-02]
  [-9.37343575e-03 -1.92857832e-02 -1.46814853e-01 ...  2.31029391e-01
    4.52120185e-01 -6.65598661e-02]
  [-9.37343575e-03 -1.92857832e-02  3.17896456e-01 ...  3.03230554e-01
   -9.37343575e-03 -9.37343575e-03]]

 [[-1.09092243e-01 -1.09092243e-01 -2.70608693e-01 ... -1.73280418e-01
   -5.79693243e-02 -9.51262265e-02]
  [-1.77861676e-01 -1.20070860e-01  4.27658081e-01 ... -2.22635940e-01
   -2.28123888e-01 -1.20070860e-01]
  [-9.51262265e-02 -9.51262265e-02 -2.98071384e-01 ... -5.06438553e-01
   -1.83628410e-01 -1.60900742e-01]
  ...
  [-1.38111874e-01 -2.12378785e-01  3.46504115e-02 ...  1.37929082e-01
   -5.28434992e-01 -9.32757035e-02]
  [-1.60900742e-01 -2.28123888e-01  4.79988158e-01 ...  1.87141508e-01
   -5.91999471e-01 -9.51262265e-02]
  [-1.60900742e-01 -2.28123888e-01 -6.06217802e-01 ... -2.51754999e-01
   -1.60900742e-01 -1.60900742e-01]]]
Image 2: Encodings:
[[[ 0.03689482  0.03689482 -0.06066027 ... -0.05761143  0.09782936
    0.10635882]
  [ 0.03061206  0.16043006  0.18739386 ... -0.04391846 -0.15893129
    0.01692968]
  [ 0.03689482  0.13767178 -0.49608684 ... -0.7327051  -0.1911598
   -0.6264151 ]
  ...
  [-0.07015695 -0.1911598  -0.6264151  ...  0.01692968  0.09666528
   -0.42657864]
  [-0.16258594 -0.04391846 -0.28397775 ...  0.13767178 -0.48376855
    0.05741797]
  [ 0.03061206 -0.16258594 -0.6264151  ... -0.39592907 -0.00898531
    0.03061206]]

 [[ 0.20426436  0.20426436  0.26145884 ...  0.36842468  0.30456367
    0.26167685]
  [ 0.24379681  0.30648768  0.0567134  ... -0.6217804  -0.20499474
    0.3713269 ]
  [ 0.20426436  0.1279084  -0.5036993  ... -0.63602114 -0.87926954
   -0.03049918]
  ...
  [ 0.43906295 -0.87926954 -0.03049919 ...  0.3713269  -0.35334852
   -0.13541624]
  [ 0.4789228  -0.6217804  -0.7140589  ...  0.1279084  -0.6409854
    0.27205735]
  [ 0.24379681  0.4789228  -0.03049918 ... -0.414849    0.15190656
    0.24379681]]

 [[ 0.11241832  0.11241832  0.14722672 ...  0.22915114  0.18467972
    0.15345083]
  [ 0.13915938  0.18840683  0.00563142 ... -0.5235269  -0.21447602
    0.23467453]
  [ 0.11241832  0.05670458 -0.45674485 ... -0.56860036 -0.72468936
   -0.10471749]
  ...
  [ 0.2821835  -0.72468936 -0.10471749 ...  0.23467453 -0.31291535
   -0.17194292]
  [ 0.3072724  -0.5235269  -0.6049289  ...  0.05670458 -0.5616232
    0.16008197]
  [ 0.13915938  0.3072724  -0.10471749 ... -0.38401374  0.06720287
    0.13915938]]

 ...

 [[ 0.05486858  0.05486858  0.14559771 ...  0.13252796  0.01409366
    0.00527962]
  [ 0.06087864 -0.0347688  -0.05421641 ...  0.03922644  0.18180531
    0.07433338]
  [ 0.05486858 -0.01351596  0.36550716 ...  0.5006667   0.09922487
    0.51361907]
  ...
  [ 0.13593313  0.09922487  0.51361907 ...  0.07433338 -0.02287481
    0.36176503]
  [ 0.20206596  0.03922644  0.1929731  ... -0.01351596  0.34028688
    0.0395103 ]
  [ 0.06087864  0.20206596  0.51361907 ...  0.3106518   0.09370468
    0.06087864]]

 [[-0.04444936 -0.04444936  0.05356028 ...  0.04843623 -0.09082908
   -0.1016707 ]
  [-0.03617252 -0.14759773 -0.18712719 ... -0.01399142  0.1138339
   -0.01928578]
  [-0.04444936 -0.13755773  0.38331527 ...  0.5777432   0.09415957
    0.52350724]
  ...
  [ 0.05786753  0.09415957  0.52350724 ... -0.01928578 -0.12195973
    0.3400962 ]
  [ 0.14367105 -0.01399142  0.18742654 ... -0.13755773  0.369903
   -0.0594872 ]
  [-0.03617252  0.14367105  0.52350724 ...  0.30323055 -0.00375705
   -0.03617252]]

 [[-0.10909224 -0.10909224 -0.2706087  ... -0.31756473 -0.0932757
   -0.05796932]
  [-0.13811187 -0.01751206  0.15825035 ...  0.31227654 -0.10720795
   -0.22812389]
  [-0.10909224  0.05164212 -0.31297252 ... -0.50245756  0.31006667
   -0.7701385 ]
  ...
  [-0.3655147   0.31006667 -0.7701385  ... -0.22812389  0.30594423
   -0.46141636]
  [-0.4983324   0.31227654  0.08587522 ...  0.05164212 -0.20813031
   -0.12007086]
  [-0.13811187 -0.4983324  -0.7701385  ... -0.251755   -0.13934052
   -0.13811187]]]
Image 3: Encodings:
[[[ 3.68948244e-02  3.06120645e-02 -6.06602654e-02 ...  1.06358819e-01
    3.06120645e-02  6.34914860e-02]
  [-1.06604770e-04  1.06358819e-01  3.31720740e-01 ... -2.53897727e-01
    1.60430059e-01 -1.24969054e-04]
  [ 3.06120645e-02 -2.65016049e-01 -7.06821799e-01 ... -8.39213371e-01
    1.06358819e-01 -1.24969054e-04]
  ...
  [ 1.69296786e-02 -1.12681359e-01 -9.52938139e-01 ... -2.50453413e-01
    3.31720740e-01 -1.58931285e-01]
  [ 3.06120645e-02 -8.98530427e-03  8.19430724e-02 ... -7.06821799e-01
   -4.80425507e-01 -8.92999768e-02]
  [-1.24969054e-04 -1.24969054e-04 -1.06604421e-04 ...  3.06120645e-02
   -1.00817280e-02 -1.24968588e-04]]

 [[ 2.04264358e-01  2.43796811e-01  2.61458844e-01 ...  2.61676848e-01
    2.43796811e-01  2.40398347e-01]
  [ 2.12414235e-01  2.61676848e-01 -6.65297061e-02 ...  5.82650192e-02
    3.06487679e-01  2.45821476e-01]
  [ 2.43796811e-01  3.90355259e-01 -2.61992306e-01 ... -5.48332691e-01
    2.61676848e-01  2.45821476e-01]
  ...
  [ 3.71326894e-01 -3.06023091e-01 -9.98123407e-01 ... -3.18145245e-01
   -6.65297061e-02 -2.04994738e-01]
  [ 2.43796811e-01  1.51906565e-01  2.88882162e-02 ... -2.61992306e-01
   -2.60129750e-01 -1.06963560e-01]
  [ 2.45821476e-01  2.45821476e-01  2.12414235e-01 ...  2.43796811e-01
    2.72848874e-01  2.45821476e-01]]

 [[ 1.12418316e-01  1.39159381e-01  1.47226721e-01 ...  1.53450832e-01
    1.39159381e-01  1.36971027e-01]
  [ 1.15615614e-01  1.53450832e-01 -8.11049417e-02 ... -1.41788777e-02
    1.88406825e-01  1.40326753e-01]
  [ 1.39159381e-01  2.35478133e-01 -2.82879561e-01 ... -5.07365584e-01
    1.53450832e-01  1.40326753e-01]
  ...
  [ 2.34674528e-01 -2.88572609e-01 -8.52891922e-01 ... -3.05519700e-01
   -8.11049417e-02 -2.14476019e-01]
  [ 1.39159381e-01  6.72028735e-02 -2.15272754e-02 ... -2.82879561e-01
   -2.70521462e-01 -1.36444405e-01]
  [ 1.40326753e-01  1.40326753e-01  1.15615614e-01 ...  1.39159381e-01
    1.59205079e-01  1.40326753e-01]]

 ...

 [[ 5.48685752e-02  6.08786419e-02  1.45597711e-01 ...  5.27962344e-03
    6.08786419e-02  3.45075987e-02]
  [ 8.58205631e-02  5.27962297e-03 -1.84180364e-01 ...  2.67588913e-01
   -3.47688049e-02  8.50667655e-02]
  [ 6.08786419e-02  2.80926317e-01  5.32957435e-01 ...  5.83365321e-01
    5.27962297e-03  8.50667655e-02]
  ...
  [ 7.43333772e-02  1.36693791e-01  5.88808775e-01 ...  2.27923587e-01
   -1.84180364e-01  1.81805313e-01]
  [ 6.08786419e-02  9.37046781e-02  3.13779041e-02 ...  5.32957435e-01
    3.83582771e-01  1.42962754e-01]
  [ 8.50667655e-02  8.50667655e-02  8.58205631e-02 ...  6.08786419e-02
    9.60267857e-02  8.50667655e-02]]

 [[-4.44493592e-02 -3.61725166e-02  5.35602793e-02 ... -1.01670697e-01
   -3.61725166e-02 -6.65598661e-02]
  [-9.37343575e-03 -1.01670697e-01 -3.28945309e-01 ...  2.04824015e-01
   -1.47597730e-01 -8.05539265e-03]
  [-3.61725166e-02  2.37735078e-01  5.74950516e-01 ...  6.72165394e-01
   -1.01670697e-01 -8.05539265e-03]
  ...
  [-1.92857832e-02  6.77441061e-02  7.47057557e-01 ...  1.86234176e-01
   -3.28945309e-01  1.13833904e-01]
  [-3.61725166e-02 -3.75704747e-03 -8.68080631e-02 ...  5.74950516e-01
    3.82110834e-01  5.92555702e-02]
  [-8.05539265e-03 -8.05539265e-03 -9.37343575e-03 ... -3.61725166e-02
    2.39027943e-03 -8.05539265e-03]]

 [[-1.09092243e-01 -1.38111874e-01 -2.70608693e-01 ... -5.79693243e-02
   -1.38111874e-01 -9.51262265e-02]
  [-1.60900742e-01 -5.79693243e-02  4.27658081e-01 ... -3.80187482e-01
   -1.75120588e-02 -1.77861676e-01]
  [-1.38111874e-01 -5.77756166e-01 -7.12258339e-01 ... -6.84421003e-01
   -5.79693243e-02 -1.77861676e-01]
  ...
  [-2.28123888e-01  1.53066609e-02 -5.06438553e-01 ... -1.42024368e-01
    4.27658081e-01 -1.07207954e-01]
  [-1.38111874e-01 -1.39340520e-01  3.46504115e-02 ... -7.12258339e-01
   -4.48767573e-01 -8.56432319e-02]
  [-1.77861676e-01 -1.77861676e-01 -1.60900742e-01 ... -1.38111874e-01
   -2.07894862e-01 -1.77861676e-01]]]
Image 4: Encodings:
[[[ 3.68948244e-02 -1.24968588e-04 -6.06602654e-02 ...  1.06358819e-01
    6.34914860e-02  3.06120645e-02]
  [-3.11248824e-02  2.32935995e-01  2.68482774e-01 ... -1.55244857e-01
   -1.46447033e-01  9.78293642e-02]
  [ 5.74179702e-02 -4.83768553e-01 -1.04848063e+00 ... -6.67754531e-01
   -4.96086836e-01  3.06120645e-02]
  ...
  [-3.11248824e-02 -1.00817271e-02  3.06120645e-02 ...  2.02557296e-01
   -6.88913524e-01 -8.98530334e-03]
  [ 3.06120645e-02  1.87393859e-01  2.68482774e-01 ... -6.09107018e-01
   -4.96086836e-01  6.34914860e-02]
  [-1.00817271e-02 -3.63024235e-01 -8.89111280e-01 ... -3.95929068e-01
    1.09436609e-01 -4.01129685e-02]]

 [[ 2.04264358e-01  2.45821476e-01  2.61458844e-01 ...  2.61676848e-01
    2.40398347e-01  2.43796811e-01]
  [ 2.31099457e-01  1.54270455e-01 -2.44943038e-01 ...  5.30323125e-02
    3.81166905e-01  3.04563671e-01]
  [ 2.72057354e-01 -6.40985429e-01 -8.56053948e-01 ... -1.20395267e+00
   -5.03699303e-01  2.43796811e-01]
  ...
  [ 2.31099457e-01  2.72848874e-01  2.43796811e-01 ... -1.23497643e-01
   -5.29511452e-01  1.51906565e-01]
  [ 2.43796811e-01  5.67134023e-02 -2.44943038e-01 ... -9.16619718e-01
   -5.03699303e-01  2.40398347e-01]
  [ 2.72848874e-01  2.19379947e-01 -7.08123922e-01 ... -4.14849013e-01
    3.63132566e-01  1.86026916e-01]]

 [[ 1.12418316e-01  1.40326753e-01  1.47226721e-01 ...  1.53450832e-01
    1.36971027e-01  1.39159381e-01]
  [ 1.28108516e-01  8.39198828e-02 -2.21458375e-01 ... -1.45291397e-02
    2.35158309e-01  1.84679717e-01]
  [ 1.60081968e-01 -5.61623216e-01 -7.49486804e-01 ... -9.87333596e-01
   -4.56744850e-01  1.39159381e-01]
  ...
  [ 1.28108516e-01  1.59205079e-01  1.39159381e-01 ... -1.32725656e-01
   -4.84993517e-01  6.72028735e-02]
  [ 1.39159381e-01  5.63142262e-03 -2.21458375e-01 ... -7.73030281e-01
   -4.56744850e-01  1.36971027e-01]
  [ 1.59205079e-01  1.00618295e-01 -6.29550517e-01 ... -3.84013742e-01
    2.30453938e-01  9.38388780e-02]]

 ...

 [[ 5.48685752e-02  8.50667655e-02  1.45597711e-01 ...  5.27962344e-03
    3.45075987e-02  6.08786419e-02]
  [ 1.14253722e-01 -9.80721340e-02 -1.45312667e-01 ...  2.01518178e-01
    1.95736393e-01  1.40936561e-02]
  [ 3.95102985e-02  3.40286881e-01  6.74407184e-01 ...  3.51093948e-01
    3.65507156e-01  6.08786419e-02]
  ...
  [ 1.14253722e-01  9.60267857e-02  6.08786419e-02 ... -7.79921412e-02
    4.84769821e-01  9.37046781e-02]
  [ 6.08786419e-02 -5.42164072e-02 -1.45312667e-01 ...  3.78241748e-01
    3.65507156e-01  3.45075987e-02]
  [ 9.60267857e-02  3.50576460e-01  5.89095652e-01 ...  3.10651809e-01
    8.70088022e-03  1.17618993e-01]]

 [[-4.44493592e-02 -8.05539265e-03  5.35602793e-02 ... -1.01670697e-01
   -6.65598661e-02 -3.61725166e-02]
  [ 2.11211685e-02 -2.30942503e-01 -2.77315646e-01 ...  1.20623246e-01
    1.28128618e-01 -9.08290818e-02]
  [-5.94872050e-02  3.69902998e-01  8.39956880e-01 ...  4.75339532e-01
    3.83315265e-01 -3.61725166e-02]
  ...
  [ 2.11211685e-02  2.39027850e-03 -3.61725166e-02 ... -2.08058566e-01
    5.44503212e-01 -3.75704840e-03]
  [-3.61725166e-02 -1.87127188e-01 -2.77315646e-01 ...  4.54528570e-01
    3.83315265e-01 -6.65598661e-02]
  [ 2.39027850e-03  3.17896456e-01  7.06770837e-01 ...  3.03230554e-01
   -9.62683484e-02  2.48803049e-02]]

 [[-1.09092243e-01 -1.77861676e-01 -2.70608693e-01 ... -5.79693243e-02
   -9.51262265e-02 -1.38111874e-01]
  [-2.12378785e-01  1.65054902e-01  4.56895828e-01 ... -2.61666805e-01
   -4.31080341e-01 -9.32757035e-02]
  [-1.20070860e-01 -2.08130315e-01 -7.21351981e-01 ... -9.02422518e-03
   -3.12972516e-01 -1.38111874e-01]
  ...
  [-2.12378785e-01 -2.07894862e-01 -1.38111874e-01 ...  2.91838974e-01
   -5.19742727e-01 -1.39340520e-01]
  [-1.38111874e-01  1.58250347e-01  4.56895828e-01 ... -1.62205130e-01
   -3.12972516e-01 -9.51262265e-02]
  [-2.07894862e-01 -6.06217802e-01 -6.34386361e-01 ... -2.51754999e-01
   -1.15646288e-01 -1.96635664e-01]]]
Image 5: Encodings:
[[[ 3.68948244e-02  3.06120645e-02 -2.54249182e-02 ... -2.15976655e-01
    1.60430059e-01  3.06120645e-02]
  [ 3.06120645e-02  3.06120645e-02  2.51850426e-01 ... -4.66940641e-01
   -1.45731047e-01  5.74179702e-02]
  [-1.06604304e-04 -1.46447033e-01 -1.12681359e-01 ... -3.61794293e-01
   -4.75856215e-01  6.34914860e-02]
  ...
  [ 6.34914860e-02  3.68948244e-02 -7.79608369e-01 ... -6.95597112e-01
    8.39317366e-02  3.63695286e-02]
  [ 3.68948244e-02 -6.06602654e-02 -6.09107018e-01 ... -2.83977747e-01
   -4.26578641e-01  1.06358819e-01]
  [ 3.68948244e-02 -2.54249182e-02 -2.05514859e-02 ... -1.28472209e-01
   -8.47781897e-02 -1.06604770e-04]]

 [[ 2.04264358e-01  2.43796811e-01  3.16015989e-01 ...  2.76596785e-01
    3.06487679e-01  2.43796811e-01]
  [ 2.43796811e-01  2.43796811e-01  1.14392955e-03 ... -8.83229613e-01
    2.29887858e-01  2.72057354e-01]
  [ 2.12414235e-01  3.81166905e-01 -3.06023091e-01 ... -9.87356544e-01
   -5.93724549e-02  2.40398347e-01]
  ...
  [ 2.40398347e-01  2.04264358e-01 -9.51465011e-01 ... -8.33376408e-01
    4.91356671e-01  3.12206835e-01]
  [ 2.04264358e-01  2.61458844e-01 -9.16619718e-01 ... -7.14058876e-01
   -1.35416240e-01  2.61676848e-01]
  [ 2.04264358e-01  3.16015989e-01 -8.21784139e-03 ... -2.19719782e-02
    1.24423489e-01  2.12414235e-01]]

 [[ 1.12418316e-01  1.39159381e-01  1.90128043e-01 ...  1.52738690e-01
    1.88406825e-01  1.39159381e-01]
  [ 1.39159381e-01  1.39159381e-01 -3.30814235e-02 ... -7.40492046e-01
    1.19998030e-01  1.60081968e-01]
  [ 1.15615614e-01  2.35158309e-01 -2.88572609e-01 ... -8.13018024e-01
   -1.16386101e-01  1.36971027e-01]
  ...
  [ 1.36971027e-01  1.12418316e-01 -8.07380259e-01 ... -7.15517700e-01
    3.23118627e-01  1.89590305e-01]
  [ 1.12418316e-01  1.47226721e-01 -7.73030281e-01 ... -6.04928911e-01
   -1.71942919e-01  1.53450832e-01]
  [ 1.12418316e-01  1.90128043e-01 -5.86188473e-02 ... -7.29514956e-02
    4.29741368e-02  1.15615614e-01]]

 ...

 [[ 5.48685752e-02  6.08786419e-02  1.09402508e-01 ...  2.51568794e-01
   -3.47688049e-02  6.08786419e-02]
  [ 6.08786419e-02  6.08786419e-02 -1.14035636e-01 ...  2.87726015e-01
    2.09631860e-01  3.95102985e-02]
  [ 8.58205631e-02  1.95736393e-01  1.36693791e-01 ...  1.92975447e-01
    4.03542340e-01  3.45075987e-02]
  ...
  [ 3.45075987e-02  5.48685752e-02  4.83279020e-01 ...  4.48248118e-01
    3.78829017e-02  6.07443303e-02]
  [ 5.48685752e-02  1.45597711e-01  3.78241748e-01 ...  1.92973107e-01
    3.61765027e-01  5.27962297e-03]
  [ 5.48685752e-02  1.09402508e-01  1.03242286e-01 ...  1.76067904e-01
    1.51689142e-01  8.58205631e-02]]

 [[-4.44493592e-02 -3.61725166e-02  1.98667217e-02 ...  1.90877467e-01
   -1.47597730e-01 -3.61725166e-02]
  [-3.61725166e-02 -3.61725166e-02 -2.51121938e-01 ...  3.33005100e-01
    1.28860936e-01 -5.94872050e-02]
  [-9.37343575e-03  1.28128618e-01  6.77441061e-02 ...  2.31029391e-01
    3.87422770e-01 -6.65598661e-02]
  ...
  [-6.65598661e-02 -4.44493592e-02  5.98909140e-01 ...  5.36806524e-01
   -6.52638227e-02 -3.73355448e-02]
  [-4.44493592e-02  5.35602793e-02  4.54528570e-01 ...  1.87426537e-01
    3.40096205e-01 -1.01670697e-01]
  [-4.44493592e-02  1.98667217e-02  3.80999874e-03 ...  9.49041545e-02
    6.28470704e-02 -9.37343575e-03]]

 [[-1.09092243e-01 -1.38111874e-01 -2.51515627e-01 ... -4.65043366e-01
   -1.75120607e-02 -1.38111874e-01]
  [-1.38111874e-01 -1.38111874e-01  2.81178743e-01 ... -1.58933997e-02
   -3.59686971e-01 -1.20070860e-01]
  [-1.60900742e-01 -4.31080341e-01  1.53066609e-02 ...  1.87141508e-01
   -5.67233622e-01 -9.51262265e-02]
  ...
  [-9.51262265e-02 -1.09092243e-01 -3.40089381e-01 ... -3.26867104e-01
   -2.26592690e-01 -1.73280418e-01]
  [-1.09092243e-01 -2.70608693e-01 -1.62205130e-01 ...  8.58752206e-02
   -4.61416364e-01 -5.79693243e-02]
  [-1.09092243e-01 -2.51515627e-01 -6.43090233e-02 ... -1.83628410e-01
   -2.17918724e-01 -1.60900742e-01]]]
Image 6: Encodings:
[[[ 3.68948244e-02  3.06120645e-02  6.34914860e-02 ... -5.76114282e-02
   -5.76114282e-02 -1.00817280e-02]
  [ 3.06120645e-02  2.06096172e-02 -1.00817280e-02 ... -3.11272442e-02
   -1.58771649e-01 -2.01007992e-01]
  [ 3.06120645e-02 -1.06604770e-04  8.44354257e-02 ... -8.47781897e-02
    1.68576017e-01  3.06120645e-02]
  ...
  [ 6.34914860e-02 -2.15976655e-01 -3.81367236e-01 ... -2.83977747e-01
   -8.47781897e-02 -1.06604304e-04]
  [-1.06604770e-04  5.74179702e-02  2.68482774e-01 ... -5.86047769e-01
    2.13561565e-01 -3.11248824e-02]
  [-1.06604537e-04 -5.76114282e-02 -2.53897727e-01 ... -4.01129685e-02
   -1.06604770e-04 -1.24968996e-04]]

 [[ 2.04264358e-01  2.43796811e-01  2.40398347e-01 ...  3.68424684e-01
    3.68424684e-01  2.72848874e-01]
  [ 2.43796811e-01  2.69415975e-01  2.72848874e-01 ... -3.83812308e-01
   -4.18058932e-01 -1.18684158e-01]
  [ 2.43796811e-01  2.12414235e-01  1.84347510e-01 ...  1.24423489e-01
    2.19821393e-01  2.43796811e-01]
  ...
  [ 2.40398347e-01  2.76596785e-01 -5.33470511e-01 ... -7.14058876e-01
    1.24423489e-01  2.12414235e-01]
  [ 2.12414235e-01  2.72057354e-01 -2.44943038e-01 ... -5.84774613e-01
    3.99458855e-01  2.31099457e-01]
  [ 2.12414235e-01  3.68424684e-01  5.82650192e-02 ...  1.86026916e-01
    2.12414235e-01  2.45821476e-01]]

 [[ 1.12418316e-01  1.39159381e-01  1.36971027e-01 ...  2.29151145e-01
    2.29151145e-01  1.59205079e-01]
  [ 1.39159381e-01  1.58110440e-01  1.59205079e-01 ... -3.42942894e-01
   -3.76353353e-01 -1.49705455e-01]
  [ 1.39159381e-01  1.15615614e-01  9.62937400e-02 ...  4.29741368e-02
    1.27744257e-01  1.39159381e-01]
  ...
  [ 1.36971027e-01  1.52738690e-01 -4.75296229e-01 ... -6.04928911e-01
    4.29741368e-02  1.15615614e-01]
  [ 1.15615614e-01  1.60081968e-01 -2.21458375e-01 ... -5.22824168e-01
    2.59079993e-01  1.28108516e-01]
  [ 1.15615614e-01  2.29151145e-01 -1.41788777e-02 ...  9.38388780e-02
    1.15615614e-01  1.40326753e-01]]

 ...

 [[ 5.48685752e-02  6.08786419e-02  3.45075987e-02 ...  1.32527962e-01
    1.32527962e-01  9.60267857e-02]
  [ 6.08786419e-02  6.87515587e-02  9.60267857e-02 ...  6.81056902e-02
    1.55149728e-01  2.16996089e-01]
  [ 6.08786419e-02  8.58205631e-02  2.77562886e-02 ...  1.51689142e-01
   -4.59522419e-02  6.08786419e-02]
  ...
  [ 3.45075987e-02  2.51568794e-01  2.88684398e-01 ...  1.92973107e-01
    1.51689142e-01  8.58205631e-02]
  [ 8.58205631e-02  3.95102985e-02 -1.45312667e-01 ...  4.11734998e-01
   -5.85550033e-02  1.14253722e-01]
  [ 8.58205631e-02  1.32527962e-01  2.67588913e-01 ...  1.17618993e-01
    8.58205631e-02  8.50667655e-02]]

 [[-4.44493592e-02 -3.61725166e-02 -6.65598661e-02 ...  4.84362319e-02
    4.84362319e-02  2.39027943e-03]
  [-3.61725166e-02 -2.65640765e-02  2.39027850e-03 ... -1.03085255e-02
    1.02663375e-01  1.51398465e-01]
  [-3.61725166e-02 -9.37343575e-03 -8.41075107e-02 ...  6.28470704e-02
   -1.65903181e-01 -3.61725166e-02]
  ...
  [-6.65598661e-02  1.90877467e-01  2.88488388e-01 ...  1.87426537e-01
    6.28470704e-02 -9.37343575e-03]
  [-9.37343575e-03 -5.94872050e-02 -2.77315646e-01 ...  4.55538929e-01
   -1.82135329e-01  2.11211685e-02]
  [-9.37343575e-03  4.84362319e-02  2.04824015e-01 ...  2.48803049e-02
   -9.37343575e-03 -8.05539265e-03]]

 [[-1.09092243e-01 -1.38111874e-01 -9.51262265e-02 ... -3.17564726e-01
   -3.17564726e-01 -2.07894862e-01]
  [-1.38111874e-01 -1.64863780e-01 -2.07894862e-01 ...  1.68909863e-01
    3.27440873e-02 -2.09313691e-01]
  [-1.38111874e-01 -1.60900742e-01 -4.68462072e-02 ... -2.17918724e-01
    4.34183739e-02 -1.38111874e-01]
  ...
  [-9.51262265e-02 -4.65043366e-01 -1.58537224e-01 ...  8.58752206e-02
   -2.17918724e-01 -1.60900742e-01]
  [-1.60900742e-01 -1.20070860e-01  4.56895828e-01 ... -3.66266668e-01
   -1.85064953e-02 -2.12378785e-01]
  [-1.60900742e-01 -3.17564726e-01 -3.80187482e-01 ... -1.96635664e-01
   -1.60900742e-01 -1.77861676e-01]]]
Image 7: Encodings:
[[[ 3.68948244e-02  6.34914860e-02 -6.06602654e-02 ...  9.78293642e-02
    5.74179702e-02  6.34914860e-02]
  [ 3.06120645e-02 -3.11248824e-02  3.17216128e-01 ... -8.92999768e-02
    3.63695286e-02  2.06096172e-02]
  [ 3.06120645e-02 -5.76114282e-02  9.66652781e-02 ... -1.58931285e-01
   -8.98530427e-03 -1.06604770e-04]
  ...
  [ 3.06120645e-02  1.69296823e-02  1.82307139e-02 ... -3.22165310e-01
   -8.30484927e-02  3.06120645e-02]
  [ 3.06120645e-02  3.06120645e-02 -1.03190430e-01 ... -6.67754531e-01
   -1.55244857e-01  3.06120645e-02]
  [-1.24969054e-04  3.06120645e-02 -5.76114282e-02 ... -2.50453413e-01
    2.06096172e-02 -1.06604770e-04]]

 [[ 2.04264358e-01  2.40398347e-01  2.61458844e-01 ...  3.04563671e-01
    2.72057354e-01  2.40398347e-01]
  [ 2.43796811e-01  2.31099457e-01  1.00244127e-01 ... -1.06963560e-01
    3.12206835e-01  2.69415975e-01]
  [ 2.43796811e-01  3.68424684e-01 -3.53348523e-01 ... -2.04994738e-01
    1.51906565e-01  2.12414235e-01]
  ...
  [ 2.43796811e-01  3.71326894e-01 -2.74269074e-01 ... -8.34343076e-01
    2.04395995e-01  2.43796811e-01]
  [ 2.43796811e-01  2.43796811e-01  3.06045622e-01 ... -1.20395267e+00
    5.30323125e-02  2.43796811e-01]
  [ 2.45821476e-01  2.43796811e-01  3.68424684e-01 ... -3.18145245e-01
    2.69415975e-01  2.12414235e-01]]

 [[ 1.12418316e-01  1.36971027e-01  1.47226721e-01 ...  1.84679717e-01
    1.60081968e-01  1.36971027e-01]
  [ 1.39159381e-01  1.28108516e-01  4.85716537e-02 ... -1.36444405e-01
    1.89590305e-01  1.58110440e-01]
  [ 1.39159381e-01  2.29151145e-01 -3.12915355e-01 ... -2.14476019e-01
    6.72028735e-02  1.15615614e-01]
  ...
  [ 1.39159381e-01  2.34674528e-01 -2.57775843e-01 ... -6.96762681e-01
    1.04029290e-01  1.39159381e-01]
  [ 1.39159381e-01  1.39159381e-01  1.78336546e-01 ... -9.87333596e-01
   -1.45291407e-02  1.39159381e-01]
  [ 1.40326753e-01  1.39159381e-01  2.29151145e-01 ... -3.05519700e-01
    1.58110440e-01  1.15615614e-01]]

 ...

 [[ 5.48685752e-02  3.45075987e-02  1.45597711e-01 ...  1.40936561e-02
    3.95102985e-02  3.45075987e-02]
  [ 6.08786419e-02  1.14253722e-01 -1.68645620e-01 ...  1.42962754e-01
    6.07443303e-02  6.87515587e-02]
  [ 6.08786419e-02  1.32527962e-01 -2.28748079e-02 ...  1.81805313e-01
    9.37046781e-02  8.58205631e-02]
  ...
  [ 6.08786419e-02  7.43333772e-02  4.90283221e-02 ...  1.96192369e-01
    1.62762895e-01  6.08786419e-02]
  [ 6.08786419e-02  6.08786419e-02  1.76676840e-01 ...  3.51093948e-01
    2.01518178e-01  6.08786419e-02]
  [ 8.50667655e-02  6.08786419e-02  1.32527962e-01 ...  2.27923587e-01
    6.87515587e-02  8.58205631e-02]]

 [[-4.44493592e-02 -6.65598661e-02  5.35602793e-02 ... -9.08290818e-02
   -5.94872050e-02 -6.65598661e-02]
  [-3.61725166e-02  2.11211685e-02 -3.12974989e-01 ...  5.92555702e-02
   -3.73355448e-02 -2.65640765e-02]
  [-3.61725166e-02  4.84362319e-02 -1.21959731e-01 ...  1.13833904e-01
   -3.75704747e-03 -9.37343575e-03]
  ...
  [-3.61725166e-02 -1.92857832e-02 -4.62630466e-02 ...  2.10507482e-01
    7.15455785e-02 -3.61725166e-02]
  [-3.61725166e-02 -3.61725166e-02  9.39439610e-02 ...  4.75339532e-01
    1.20623246e-01 -3.61725166e-02]
  [-8.05539265e-03 -3.61725166e-02  4.84362319e-02 ...  1.86234176e-01
   -2.65640765e-02 -9.37343575e-03]]

 [[-1.09092243e-01 -9.51262265e-02 -2.70608693e-01 ... -9.32757035e-02
   -1.20070860e-01 -9.51262265e-02]
  [-1.38111874e-01 -2.12378785e-01  3.08525234e-01 ... -8.56432319e-02
   -1.73280418e-01 -1.64863780e-01]
  [-1.38111874e-01 -3.17564726e-01  3.05944234e-01 ... -1.07207954e-01
   -1.39340520e-01 -1.60900742e-01]
  ...
  [-1.38111874e-01 -2.28123888e-01  1.54674008e-01 ...  1.24275334e-01
   -2.68099278e-01 -1.38111874e-01]
  [-1.38111874e-01 -1.38111874e-01 -3.48708421e-01 ... -9.02422518e-03
   -2.61666805e-01 -1.38111874e-01]
  [-1.77861676e-01 -1.38111874e-01 -3.17564726e-01 ... -1.42024368e-01
   -1.64863780e-01 -1.60900742e-01]]]
Image 8: Encodings:
[[[ 3.68948244e-02 -1.06604304e-04 -1.24969054e-04 ...  5.74179702e-02
    6.34914860e-02  6.34914860e-02]
  [ 3.06120645e-02 -2.54249182e-02  8.19430724e-02 ... -8.30484927e-02
    5.74179702e-02 -1.24969054e-04]
  [-1.06604770e-04  1.69296805e-02 -3.95929068e-01 ... -4.80425507e-01
    1.60430059e-01 -1.24968588e-04]
  ...
  [ 3.68948244e-02 -7.01569542e-02 -3.46479326e-01 ... -4.83768553e-01
    1.06358819e-01 -1.24968588e-04]
  [ 3.06120645e-02 -1.00817271e-02  6.34914860e-02 ... -3.81367236e-01
    3.63695286e-02  3.06120645e-02]
  [-1.24969054e-04 -1.24969054e-04  3.06120645e-02 ... -2.65789926e-01
   -1.06604770e-04 -1.06604304e-04]]

 [[ 2.04264358e-01  2.12414235e-01  2.45821476e-01 ...  2.72057354e-01
    2.40398347e-01  2.40398347e-01]
  [ 2.43796811e-01  3.16015989e-01  2.88882181e-02 ...  2.04395995e-01
    2.72057354e-01  2.45821476e-01]
  [ 2.12414235e-01  3.71326894e-01 -4.14849013e-01 ... -2.60129750e-01
    3.06487679e-01  2.45821476e-01]
  ...
  [ 2.04264358e-01  4.39062953e-01 -3.45766768e-02 ... -6.40985429e-01
    2.61676848e-01  2.45821476e-01]
  [ 2.43796811e-01  2.72848874e-01  2.40398347e-01 ... -5.33470511e-01
    3.12206835e-01  2.43796811e-01]
  [ 2.45821476e-01  2.45821476e-01  2.43796811e-01 ... -2.20203340e-01
    2.12414235e-01  2.12414235e-01]]

 [[ 1.12418316e-01  1.15615614e-01  1.40326753e-01 ...  1.60081968e-01
    1.36971027e-01  1.36971027e-01]
  [ 1.39159381e-01  1.90128043e-01 -2.15272754e-02 ...  1.04029290e-01
    1.60081968e-01  1.40326753e-01]
  [ 1.15615614e-01  2.34674528e-01 -3.84013742e-01 ... -2.70521462e-01
    1.88406825e-01  1.40326753e-01]
  ...
  [ 1.12418316e-01  2.82183498e-01 -9.00759175e-02 ... -5.61623216e-01
    1.53450832e-01  1.40326753e-01]
  [ 1.39159381e-01  1.59205079e-01  1.36971027e-01 ... -4.75296229e-01
    1.89590305e-01  1.39159381e-01]
  [ 1.40326753e-01  1.40326753e-01  1.39159381e-01 ... -2.30736315e-01
    1.15615614e-01  1.15615614e-01]]

 ...

 [[ 5.48685752e-02  8.58205631e-02  8.50667655e-02 ...  3.95102985e-02
    3.45075987e-02  3.45075987e-02]
  [ 6.08786419e-02  1.09402508e-01  3.13779041e-02 ...  1.62762895e-01
    3.95102985e-02  8.50667655e-02]
  [ 8.58205631e-02  7.43333772e-02  3.10651809e-01 ...  3.83582771e-01
   -3.47688049e-02  8.50667655e-02]
  ...
  [ 5.48685752e-02  1.35933131e-01  3.18206370e-01 ...  3.40286881e-01
    5.27962344e-03  8.50667655e-02]
  [ 6.08786419e-02  9.60267857e-02  3.45075987e-02 ...  2.88684398e-01
    6.07443303e-02  6.08786419e-02]
  [ 8.50667655e-02  8.50667655e-02  6.08786419e-02 ...  2.49349549e-01
    8.58205631e-02  8.58205631e-02]]

 [[-4.44493592e-02 -9.37343575e-03 -8.05539265e-03 ... -5.94872050e-02
   -6.65598661e-02 -6.65598661e-02]
  [-3.61725166e-02  1.98667217e-02 -8.68080631e-02 ...  7.15455785e-02
   -5.94872050e-02 -8.05539265e-03]
  [-9.37343575e-03 -1.92857832e-02  3.03230554e-01 ...  3.82110834e-01
   -1.47597730e-01 -8.05539265e-03]
  ...
  [-4.44493592e-02  5.78675270e-02  2.78104663e-01 ...  3.69902998e-01
   -1.01670697e-01 -8.05539265e-03]
  [-3.61725166e-02  2.39027943e-03 -6.65598661e-02 ...  2.88488388e-01
   -3.73355448e-02 -3.61725166e-02]
  [-8.05539265e-03 -8.05539265e-03 -3.61725166e-02 ...  2.00668469e-01
   -9.37343575e-03 -9.37343575e-03]]

 [[-1.09092243e-01 -1.60900742e-01 -1.77861676e-01 ... -1.20070860e-01
   -9.51262265e-02 -9.51262265e-02]
  [-1.38111874e-01 -2.51515627e-01  3.46504115e-02 ... -2.68099278e-01
   -1.20070860e-01 -1.77861676e-01]
  [-1.60900742e-01 -2.28123888e-01 -2.51754999e-01 ... -4.48767573e-01
   -1.75120588e-02 -1.77861676e-01]
  ...
  [-1.09092243e-01 -3.65514696e-01 -4.29319859e-01 ... -2.08130315e-01
   -5.79693243e-02 -1.77861676e-01]
  [-1.38111874e-01 -2.07894862e-01 -9.51262265e-02 ... -1.58537224e-01
   -1.73280418e-01 -1.38111874e-01]
  [-1.77861676e-01 -1.77861676e-01 -1.38111874e-01 ... -2.22635940e-01
   -1.60900742e-01 -1.60900742e-01]]]
Image 9: Encodings:
[[[ 3.68948244e-02  6.34914860e-02 -1.06604304e-04 ... -2.54249182e-02
    1.06358819e-01  6.34914860e-02]
  [ 3.06120645e-02 -6.06602654e-02  3.63695286e-02 ... -5.61587989e-01
    1.60430059e-01 -1.24969054e-04]
  [-1.24969054e-04  1.06358819e-01 -2.50453413e-01 ... -9.07088697e-01
    9.78293642e-02 -1.24969054e-04]
  ...
  [ 3.68948244e-02 -1.62585944e-01 -3.72005105e-01 ... -1.04848063e+00
    3.69545110e-02 -1.06604770e-04]
  [ 3.06120645e-02 -1.06604421e-04  8.39317366e-02 ... -5.61587989e-01
    1.06358819e-01 -1.24968588e-04]
  [-1.24969054e-04  3.06120645e-02 -5.76114282e-02 ... -2.29704246e-01
    3.68948244e-02 -1.24969054e-04]]

 [[ 2.04264358e-01  2.40398347e-01  2.12414235e-01 ...  3.16015989e-01
    2.61676848e-01  2.40398347e-01]
  [ 2.43796811e-01  2.61458844e-01  3.12206835e-01 ... -1.77261621e-01
    3.06487679e-01  2.45821476e-01]
  [ 2.45821476e-01  2.61676848e-01 -3.18145245e-01 ... -3.89900297e-01
    3.04563671e-01  2.45821476e-01]
  ...
  [ 2.04264358e-01  4.78922814e-01 -3.11610579e-01 ... -8.56053948e-01
    1.00604966e-01  2.12414235e-01]
  [ 2.43796811e-01  2.12414235e-01  4.91356671e-01 ... -1.77261621e-01
    2.61676848e-01  2.45821476e-01]
  [ 2.45821476e-01  2.43796811e-01  3.68424684e-01 ... -2.98896953e-02
    2.04264358e-01  2.45821476e-01]]

 [[ 1.12418316e-01  1.36971027e-01  1.15615614e-01 ...  1.90128043e-01
    1.53450832e-01  1.36971027e-01]
  [ 1.39159381e-01  1.47226721e-01  1.89590305e-01 ... -2.09803790e-01
    1.88406825e-01  1.40326753e-01]
  [ 1.40326753e-01  1.53450832e-01 -3.05519700e-01 ... -3.90194118e-01
    1.84679717e-01  1.40326753e-01]
  ...
  [ 1.12418316e-01  3.07272404e-01 -3.04032445e-01 ... -7.49486804e-01
    2.98264623e-02  1.15615614e-01]
  [ 1.39159381e-01  1.15615614e-01  3.23118627e-01 ... -2.09803790e-01
    1.53450832e-01  1.40326753e-01]
  [ 1.40326753e-01  1.39159381e-01  2.29151145e-01 ... -8.12336877e-02
    1.12418316e-01  1.40326753e-01]]

 ...

 [[ 5.48685752e-02  3.45075987e-02  8.58205631e-02 ...  1.09402508e-01
    5.27962297e-03  3.45075987e-02]
  [ 6.08786419e-02  1.45597711e-01  6.07443303e-02 ...  4.45293725e-01
   -3.47688049e-02  8.50667655e-02]
  [ 8.50667655e-02  5.27962297e-03  2.27923587e-01 ...  6.51394904e-01
    1.40936561e-02  8.50667655e-02]
  ...
  [ 5.48685752e-02  2.02065960e-01  3.09100360e-01 ...  6.74407184e-01
    6.46849722e-02  8.58205631e-02]
  [ 6.08786419e-02  8.58205631e-02  3.78829017e-02 ...  4.45293725e-01
    5.27962344e-03  8.50667655e-02]
  [ 8.50667655e-02  6.08786419e-02  1.32527962e-01 ...  2.44072333e-01
    5.48685752e-02  8.50667655e-02]]

 [[-4.44493592e-02 -6.65598661e-02 -9.37343575e-03 ...  1.98667217e-02
   -1.01670697e-01 -6.65598661e-02]
  [-3.61725166e-02  5.35602793e-02 -3.73355448e-02 ...  4.52120185e-01
   -1.47597730e-01 -8.05539265e-03]
  [-8.05539265e-03 -1.01670697e-01  1.86234176e-01 ...  7.42902160e-01
   -9.08290818e-02 -8.05539265e-03]
  ...
  [-4.44493592e-02  1.43671051e-01  2.86814511e-01 ...  8.39956880e-01
   -4.26362045e-02 -9.37343575e-03]
  [-3.61725166e-02 -9.37343575e-03 -6.52638227e-02 ...  4.52120185e-01
   -1.01670697e-01 -8.05539265e-03]
  [-8.05539265e-03 -3.61725166e-02  4.84362319e-02 ...  1.79424047e-01
   -4.44493592e-02 -8.05539265e-03]]

 [[-1.09092243e-01 -9.51262265e-02 -1.60900742e-01 ... -2.51515627e-01
   -5.79693243e-02 -9.51262265e-02]
  [-1.38111874e-01 -2.70608693e-01 -1.73280418e-01 ... -5.91999471e-01
   -1.75120588e-02 -1.77861676e-01]
  [-1.77861676e-01 -5.79693243e-02 -1.42024368e-01 ... -8.68423998e-01
   -9.32757035e-02 -1.77861676e-01]
  ...
  [-1.09092243e-01 -4.98332411e-01 -2.90097505e-01 ... -7.21351981e-01
   -5.95626384e-02 -1.60900742e-01]
  [-1.38111874e-01 -1.60900742e-01 -2.26592690e-01 ... -5.91999471e-01
   -5.79693243e-02 -1.77861676e-01]
  [-1.77861676e-01 -1.38111874e-01 -3.17564726e-01 ... -2.97624677e-01
   -1.09092243e-01 -1.77861676e-01]]]